import numpy as np
import numpy.ma as ma

AX = np.array([[28.851, 27.375, 25.992, 24.719, 23.573, 22.574, 21.741, 21.095, 20.653, 20.429, 20.429, 20.653, 21.095, 21.741, 22.574, 23.573, 24.719, 25.992, 27.375, 28.851],
[27.375, 25.814, 24.343, 22.979, 21.741, 20.653, 19.740, 19.026, 18.535, 18.285, 18.285, 18.535, 19.026, 19.740, 20.653, 21.741, 22.979, 24.343, 25.814, 27.375],
[25.992, 24.343, 22.777, 21.313, 19.972, 18.782, 17.773, 16.977, 16.425, 16.142, 16.142, 16.425, 16.977, 17.773, 18.782, 19.972, 21.313, 22.777, 24.343, 25.992],
[24.719, 22.979, 21.313, 19.740, 18.285, 16.977, 15.853, 14.955, 14.325, 14.000, 14.000, 14.325, 14.955, 15.853, 16.977, 18.285, 19.740, 21.313, 22.979, 24.719],
[23.573, 21.741, 19.972, 18.285, 16.703, 15.260, 14.000, 12.974, 12.242, 11.860, 11.860, 12.242, 12.974, 14.000, 15.260, 16.703, 18.285, 19.972, 21.741, 23.573],
[22.574, 20.653, 18.782, 16.977, 15.260, 13.666, 12.242, 11.055, 10.186, 9.723, 9.723, 10.186, 11.055, 12.242, 13.666, 15.260, 16.977, 18.782, 20.653, 22.574],
[21.741, 19.740, 17.773, 15.853, 14.000, 12.242, 10.629, 9.236, 8.177, 7.592, 7.592, 8.177, 9.236, 10.629, 12.242, 14.000, 15.853, 17.773, 19.740, 21.741],
[21.095, 19.026, 16.977, 14.955, 12.974, 11.055, 9.236, 7.592, 6.261, 5.475, 5.475, 6.261, 7.592, 9.236, 11.055, 12.974, 14.955, 16.977, 19.026, 21.095],
[20.653, 18.535, 16.425, 14.325, 12.242, 10.186, 8.177, 6.261, 4.555, 3.395, 3.395, 4.555, 6.261, 8.177, 10.186, 12.242, 14.325, 16.425, 18.535, 20.653],
[20.429, 18.285, 16.142, 14.000, 11.860, 9.723, 7.592, 5.475, 3.395, 1.518, 1.518, 3.395, 5.475, 7.592, 9.723, 11.860, 14.000, 16.142, 18.285, 20.429],
[20.429, 18.285, 16.142, 14.000, 11.860, 9.723, 7.592, 5.475, 3.395, 1.518, 1.518, 3.395, 5.475, 7.592, 9.723, 11.860, 14.000, 16.142, 18.285, 20.429],
[20.653, 18.535, 16.425, 14.325, 12.242, 10.186, 8.177, 6.261, 4.555, 3.395, 3.395, 4.555, 6.261, 8.177, 10.186, 12.242, 14.325, 16.425, 18.535, 20.653],
[21.095, 19.026, 16.977, 14.955, 12.974, 11.055, 9.236, 7.592, 6.261, 5.475, 5.475, 6.261, 7.592, 9.236, 11.055, 12.974, 14.955, 16.977, 19.026, 21.095],
[21.741, 19.740, 17.773, 15.853, 14.000, 12.242, 10.629, 9.236, 8.177, 7.592, 7.592, 8.177, 9.236, 10.629, 12.242, 14.000, 15.853, 17.773, 19.740, 21.741],
[22.574, 20.653, 18.782, 16.977, 15.260, 13.666, 12.242, 11.055, 10.186, 9.723, 9.723, 10.186, 11.055, 12.242, 13.666, 15.260, 16.977, 18.782, 20.653, 22.574],
[23.573, 21.741, 19.972, 18.285, 16.703, 15.260, 14.000, 12.974, 12.242, 11.860, 11.860, 12.242, 12.974, 14.000, 15.260, 16.703, 18.285, 19.972, 21.741, 23.573],
[24.719, 22.979, 21.313, 19.740, 18.285, 16.977, 15.853, 14.955, 14.325, 14.000, 14.000, 14.325, 14.955, 15.853, 16.977, 18.285, 19.740, 21.313, 22.979, 24.719],
[25.992, 24.343, 22.777, 21.313, 19.972, 18.782, 17.773, 16.977, 16.425, 16.142, 16.142, 16.425, 16.977, 17.773, 18.782, 19.972, 21.313, 22.777, 24.343, 25.992],
[27.375, 25.814, 24.343, 22.979, 21.741, 20.653, 19.740, 19.026, 18.535, 18.285, 18.285, 18.535, 19.026, 19.740, 20.653, 21.741, 22.979, 24.343, 25.814, 27.375],
[28.851, 27.375, 25.992, 24.719, 23.573, 22.574, 21.741, 21.095, 20.653, 20.429, 20.429, 20.653, 21.095, 21.741, 22.574, 23.573, 24.719, 25.992, 27.375, 28.851]])

AY = np.array([[-50.000, -44.737, -39.474, -34.211, -28.947, -23.684, -18.421, -13.158, -7.895, -2.632, 2.632, 7.895, 13.158, 18.421, 23.684, 28.947, 34.211, 39.474, 44.737, 50.000],
[-50.000, -44.737, -39.474, -34.211, -28.947, -23.684, -18.421, -13.158, -7.895, -2.632, 2.632, 7.895, 13.158, 18.421, 23.684, 28.947, 34.211, 39.474, 44.737, 50.000],
[-50.000, -44.737, -39.474, -34.211, -28.947, -23.684, -18.421, -13.158, -7.895, -2.632, 2.632, 7.895, 13.158, 18.421, 23.684, 28.947, 34.211, 39.474, 44.737, 50.000],
[-50.000, -44.737, -39.474, -34.211, -28.947, -23.684, -18.421, -13.158, -7.895, -2.632, 2.632, 7.895, 13.158, 18.421, 23.684, 28.947, 34.211, 39.474, 44.737, 50.000],
[-50.000, -44.737, -39.474, -34.211, -28.947, -23.684, -18.421, -13.158, -7.895, -2.632, 2.632, 7.895, 13.158, 18.421, 23.684, 28.947, 34.211, 39.474, 44.737, 50.000],
[-50.000, -44.737, -39.474, -34.211, -28.947, -23.684, -18.421, -13.158, -7.895, -2.632, 2.632, 7.895, 13.158, 18.421, 23.684, 28.947, 34.211, 39.474, 44.737, 50.000],
[-50.000, -44.737, -39.474, -34.211, -28.947, -23.684, -18.421, -13.158, -7.895, -2.632, 2.632, 7.895, 13.158, 18.421, 23.684, 28.947, 34.211, 39.474, 44.737, 50.000],
[-50.000, -44.737, -39.474, -34.211, -28.947, -23.684, -18.421, -13.158, -7.895, -2.632, 2.632, 7.895, 13.158, 18.421, 23.684, 28.947, 34.211, 39.474, 44.737, 50.000],
[-50.000, -44.737, -39.474, -34.211, -28.947, -23.684, -18.421, -13.158, -7.895, -2.632, 2.632, 7.895, 13.158, 18.421, 23.684, 28.947, 34.211, 39.474, 44.737, 50.000],
[-50.000, -44.737, -39.474, -34.211, -28.947, -23.684, -18.421, -13.158, -7.895, -2.632, 2.632, 7.895, 13.158, 18.421, 23.684, 28.947, 34.211, 39.474, 44.737, 50.000],
[-50.000, -44.737, -39.474, -34.211, -28.947, -23.684, -18.421, -13.158, -7.895, -2.632, 2.632, 7.895, 13.158, 18.421, 23.684, 28.947, 34.211, 39.474, 44.737, 50.000],
[-50.000, -44.737, -39.474, -34.211, -28.947, -23.684, -18.421, -13.158, -7.895, -2.632, 2.632, 7.895, 13.158, 18.421, 23.684, 28.947, 34.211, 39.474, 44.737, 50.000],
[-50.000, -44.737, -39.474, -34.211, -28.947, -23.684, -18.421, -13.158, -7.895, -2.632, 2.632, 7.895, 13.158, 18.421, 23.684, 28.947, 34.211, 39.474, 44.737, 50.000],
[-50.000, -44.737, -39.474, -34.211, -28.947, -23.684, -18.421, -13.158, -7.895, -2.632, 2.632, 7.895, 13.158, 18.421, 23.684, 28.947, 34.211, 39.474, 44.737, 50.000],
[-50.000, -44.737, -39.474, -34.211, -28.947, -23.684, -18.421, -13.158, -7.895, -2.632, 2.632, 7.895, 13.158, 18.421, 23.684, 28.947, 34.211, 39.474, 44.737, 50.000],
[-50.000, -44.737, -39.474, -34.211, -28.947, -23.684, -18.421, -13.158, -7.895, -2.632, 2.632, 7.895, 13.158, 18.421, 23.684, 28.947, 34.211, 39.474, 44.737, 50.000],
[-50.000, -44.737, -39.474, -34.211, -28.947, -23.684, -18.421, -13.158, -7.895, -2.632, 2.632, 7.895, 13.158, 18.421, 23.684, 28.947, 34.211, 39.474, 44.737, 50.000],
[-50.000, -44.737, -39.474, -34.211, -28.947, -23.684, -18.421, -13.158, -7.895, -2.632, 2.632, 7.895, 13.158, 18.421, 23.684, 28.947, 34.211, 39.474, 44.737, 50.000],
[-50.000, -44.737, -39.474, -34.211, -28.947, -23.684, -18.421, -13.158, -7.895, -2.632, 2.632, 7.895, 13.158, 18.421, 23.684, 28.947, 34.211, 39.474, 44.737, 50.000],
[-50.000, -44.737, -39.474, -34.211, -28.947, -23.684, -18.421, -13.158, -7.895, -2.632, 2.632, 7.895, 13.158, 18.421, 23.684, 28.947, 34.211, 39.474, 44.737, 50.000]])

AZ = np.array([[-50.008, -50.008, -50.008, -50.008, -50.008, -50.008, -50.008, -50.008, -50.008, -50.008, -50.008, -50.008, -50.008, -50.008, -50.008, -50.008, -50.008, -50.008, -50.008, -50.008],
[-44.744, -44.744, -44.744, -44.744, -44.744, -44.744, -44.744, -44.744, -44.744, -44.744, -44.744, -44.744, -44.744, -44.744, -44.744, -44.744, -44.744, -44.744, -44.744, -44.744],
[-39.481, -39.481, -39.481, -39.481, -39.481, -39.481, -39.481, -39.481, -39.481, -39.481, -39.481, -39.481, -39.481, -39.481, -39.481, -39.481, -39.481, -39.481, -39.481, -39.481],
[-34.218, -34.218, -34.218, -34.218, -34.218, -34.218, -34.218, -34.218, -34.218, -34.218, -34.218, -34.218, -34.218, -34.218, -34.218, -34.218, -34.218, -34.218, -34.218, -34.218],
[-28.955, -28.955, -28.955, -28.955, -28.955, -28.955, -28.955, -28.955, -28.955, -28.955, -28.955, -28.955, -28.955, -28.955, -28.955, -28.955, -28.955, -28.955, -28.955, -28.955],
[-23.692, -23.692, -23.692, -23.692, -23.692, -23.692, -23.692, -23.692, -23.692, -23.692, -23.692, -23.692, -23.692, -23.692, -23.692, -23.692, -23.692, -23.692, -23.692, -23.692],
[-18.429, -18.429, -18.429, -18.429, -18.429, -18.429, -18.429, -18.429, -18.429, -18.429, -18.429, -18.429, -18.429, -18.429, -18.429, -18.429, -18.429, -18.429, -18.429, -18.429],
[-13.165, -13.165, -13.165, -13.165, -13.165, -13.165, -13.165, -13.165, -13.165, -13.165, -13.165, -13.165, -13.165, -13.165, -13.165, -13.165, -13.165, -13.165, -13.165, -13.165],
[-7.902, -7.902, -7.902, -7.902, -7.902, -7.902, -7.902, -7.902, -7.902, -7.902, -7.902, -7.902, -7.902, -7.902, -7.902, -7.902, -7.902, -7.902, -7.902, -7.902],
[-2.639, -2.639, -2.639, -2.639, -2.639, -2.639, -2.639, -2.639, -2.639, -2.639, -2.639, -2.639, -2.639, -2.639, -2.639, -2.639, -2.639, -2.639, -2.639, -2.639],
[2.624, 2.624, 2.624, 2.624, 2.624, 2.624, 2.624, 2.624, 2.624, 2.624, 2.624, 2.624, 2.624, 2.624, 2.624, 2.624, 2.624, 2.624, 2.624, 2.624],
[7.887, 7.887, 7.887, 7.887, 7.887, 7.887, 7.887, 7.887, 7.887, 7.887, 7.887, 7.887, 7.887, 7.887, 7.887, 7.887, 7.887, 7.887, 7.887, 7.887],
[13.150, 13.150, 13.150, 13.150, 13.150, 13.150, 13.150, 13.150, 13.150, 13.150, 13.150, 13.150, 13.150, 13.150, 13.150, 13.150, 13.150, 13.150, 13.150, 13.150],
[18.414, 18.414, 18.414, 18.414, 18.414, 18.414, 18.414, 18.414, 18.414, 18.414, 18.414, 18.414, 18.414, 18.414, 18.414, 18.414, 18.414, 18.414, 18.414, 18.414],
[23.677, 23.677, 23.677, 23.677, 23.677, 23.677, 23.677, 23.677, 23.677, 23.677, 23.677, 23.677, 23.677, 23.677, 23.677, 23.677, 23.677, 23.677, 23.677, 23.677],
[28.940, 28.940, 28.940, 28.940, 28.940, 28.940, 28.940, 28.940, 28.940, 28.940, 28.940, 28.940, 28.940, 28.940, 28.940, 28.940, 28.940, 28.940, 28.940, 28.940],
[34.203, 34.203, 34.203, 34.203, 34.203, 34.203, 34.203, 34.203, 34.203, 34.203, 34.203, 34.203, 34.203, 34.203, 34.203, 34.203, 34.203, 34.203, 34.203, 34.203],
[39.466, 39.466, 39.466, 39.466, 39.466, 39.466, 39.466, 39.466, 39.466, 39.466, 39.466, 39.466, 39.466, 39.466, 39.466, 39.466, 39.466, 39.466, 39.466, 39.466],
[44.729, 44.729, 44.729, 44.729, 44.729, 44.729, 44.729, 44.729, 44.729, 44.729, 44.729, 44.729, 44.729, 44.729, 44.729, 44.729, 44.729, 44.729, 44.729, 44.729],
[49.992, 49.992, 49.992, 49.992, 49.992, 49.992, 49.992, 49.992, 49.992, 49.992, 49.992, 49.992, 49.992, 49.992, 49.992, 49.992, 49.992, 49.992, 49.992, 49.992]])

BX = np.array([[44.166, 43.715, 43.292, 42.903, 42.553, 42.247, 41.993, 41.796, 41.660, 41.592, 41.592, 41.660, 41.796, 41.993, 42.247, 42.553, 42.903, 43.292, 43.715, 44.166],
[39.993, 39.516, 39.067, 38.650, 38.271, 37.939, 37.660, 37.442, 37.291, 37.215, 37.215, 37.291, 37.442, 37.660, 37.939, 38.271, 38.650, 39.067, 39.516, 39.993],
[35.849, 35.345, 34.866, 34.419, 34.009, 33.645, 33.337, 33.094, 32.925, 32.838, 32.838, 32.925, 33.094, 33.337, 33.645, 34.009, 34.419, 34.866, 35.345, 35.849],
[31.738, 31.206, 30.697, 30.216, 29.772, 29.372, 29.028, 28.754, 28.561, 28.462, 28.462, 28.561, 28.754, 29.028, 29.372, 29.772, 30.216, 30.697, 31.206, 31.738],
[27.666, 27.106, 26.566, 26.050, 25.567, 25.126, 24.740, 24.427, 24.203, 24.086, 24.086, 24.203, 24.427, 24.740, 25.126, 25.567, 26.050, 26.566, 27.106, 27.666],
[23.639, 23.052, 22.481, 21.929, 21.404, 20.917, 20.482, 20.119, 19.853, 19.712, 19.712, 19.853, 20.119, 20.482, 20.917, 21.404, 21.929, 22.481, 23.052, 23.639],
[19.663, 19.052, 18.450, 17.864, 17.297, 16.760, 16.267, 15.841, 15.517, 15.339, 15.339, 15.517, 15.841, 16.267, 16.760, 17.297, 17.864, 18.450, 19.052, 19.663],
[15.744, 15.112, 14.485, 13.868, 13.262, 12.675, 12.120, 11.617, 11.210, 10.970, 10.970, 11.210, 11.617, 12.120, 12.675, 13.262, 13.868, 14.485, 15.112, 15.744],
[11.888, 11.240, 10.595, 9.953, 9.317, 8.688, 8.074, 7.489, 6.967, 6.613, 6.613, 6.967, 7.489, 8.074, 8.688, 9.317, 9.953, 10.595, 11.240, 11.888],
[8.097, 7.442, 6.787, 6.132, 5.478, 4.825, 4.174, 3.527, 2.891, 2.317, 2.317, 2.891, 3.527, 4.174, 4.825, 5.478, 6.132, 6.787, 7.442, 8.097],
[4.376, 3.720, 3.065, 2.411, 1.757, 1.103, 0.452, -0.195, -0.831, -1.404, -1.404, -0.831, -0.195, 0.452, 1.103, 1.757, 2.411, 3.065, 3.720, 4.376],
[0.723, 0.075, -0.570, -1.211, -1.848, -2.477, -3.091, -3.676, -4.198, -4.552, -4.552, -4.198, -3.676, -3.091, -2.477, -1.848, -1.211, -0.570, 0.075, 0.723],
[-2.864, -3.496, -4.123, -4.741, -5.346, -5.933, -6.488, -6.991, -7.398, -7.638, -7.638, -7.398, -6.991, -6.488, -5.933, -5.346, -4.741, -4.123, -3.496, -2.864],
[-6.388, -7.000, -7.601, -8.188, -8.754, -9.291, -9.784, -10.210, -10.534, -10.713, -10.713, -10.534, -10.210, -9.784, -9.291, -8.754, -8.188, -7.601, -7.000, -6.388],
[-9.855, -10.442, -11.014, -11.566, -12.090, -12.578, -13.013, -13.376, -13.641, -13.783, -13.783, -13.641, -13.376, -13.013, -12.578, -12.090, -11.566, -11.014, -10.442, -9.855],
[-13.271, -13.831, -14.372, -14.888, -15.371, -15.812, -16.197, -16.511, -16.735, -16.852, -16.852, -16.735, -16.511, -16.197, -15.812, -15.371, -14.888, -14.372, -13.831, -13.271],
[-16.643, -17.175, -17.684, -18.165, -18.609, -19.009, -19.353, -19.627, -19.820, -19.919, -19.919, -19.820, -19.627, -19.353, -19.009, -18.609, -18.165, -17.684, -17.175, -16.643],
[-19.975, -20.479, -20.958, -21.405, -21.815, -22.179, -22.487, -22.731, -22.899, -22.986, -22.986, -22.899, -22.731, -22.487, -22.179, -21.815, -21.405, -20.958, -20.479, -19.975],
[-23.274, -23.751, -24.201, -24.618, -24.996, -25.329, -25.608, -25.826, -25.976, -26.053, -26.053, -25.976, -25.826, -25.608, -25.329, -24.996, -24.618, -24.201, -23.751, -23.274],
[-26.545, -26.996, -27.418, -27.808, -28.158, -28.463, -28.718, -28.915, -29.050, -29.119, -29.119, -29.050, -28.915, -28.718, -28.463, -28.158, -27.808, -27.418, -26.996, -26.545]])

BY = np.array([[-50.000, -44.737, -39.474, -34.211, -28.947, -23.684, -18.421, -13.158, -7.895, -2.632, 2.632, 7.895, 13.158, 18.421, 23.684, 28.947, 34.211, 39.474, 44.737, 50.000],
[-50.000, -44.737, -39.474, -34.211, -28.947, -23.684, -18.421, -13.158, -7.895, -2.632, 2.632, 7.895, 13.158, 18.421, 23.684, 28.947, 34.211, 39.474, 44.737, 50.000],
[-50.000, -44.737, -39.474, -34.211, -28.947, -23.684, -18.421, -13.158, -7.895, -2.632, 2.632, 7.895, 13.158, 18.421, 23.684, 28.947, 34.211, 39.474, 44.737, 50.000],
[-50.000, -44.737, -39.474, -34.211, -28.947, -23.684, -18.421, -13.158, -7.895, -2.632, 2.632, 7.895, 13.158, 18.421, 23.684, 28.947, 34.211, 39.474, 44.737, 50.000],
[-50.000, -44.737, -39.474, -34.211, -28.947, -23.684, -18.421, -13.158, -7.895, -2.632, 2.632, 7.895, 13.158, 18.421, 23.684, 28.947, 34.211, 39.474, 44.737, 50.000],
[-50.000, -44.737, -39.474, -34.211, -28.947, -23.684, -18.421, -13.158, -7.895, -2.632, 2.632, 7.895, 13.158, 18.421, 23.684, 28.947, 34.211, 39.474, 44.737, 50.000],
[-50.000, -44.737, -39.474, -34.211, -28.947, -23.684, -18.421, -13.158, -7.895, -2.632, 2.632, 7.895, 13.158, 18.421, 23.684, 28.947, 34.211, 39.474, 44.737, 50.000],
[-50.000, -44.737, -39.474, -34.211, -28.947, -23.684, -18.421, -13.158, -7.895, -2.632, 2.632, 7.895, 13.158, 18.421, 23.684, 28.947, 34.211, 39.474, 44.737, 50.000],
[-50.000, -44.737, -39.474, -34.211, -28.947, -23.684, -18.421, -13.158, -7.895, -2.632, 2.632, 7.895, 13.158, 18.421, 23.684, 28.947, 34.211, 39.474, 44.737, 50.000],
[-50.000, -44.737, -39.474, -34.211, -28.947, -23.684, -18.421, -13.158, -7.895, -2.632, 2.632, 7.895, 13.158, 18.421, 23.684, 28.947, 34.211, 39.474, 44.737, 50.000],
[-50.000, -44.737, -39.474, -34.211, -28.947, -23.684, -18.421, -13.158, -7.895, -2.632, 2.632, 7.895, 13.158, 18.421, 23.684, 28.947, 34.211, 39.474, 44.737, 50.000],
[-50.000, -44.737, -39.474, -34.211, -28.947, -23.684, -18.421, -13.158, -7.895, -2.632, 2.632, 7.895, 13.158, 18.421, 23.684, 28.947, 34.211, 39.474, 44.737, 50.000],
[-50.000, -44.737, -39.474, -34.211, -28.947, -23.684, -18.421, -13.158, -7.895, -2.632, 2.632, 7.895, 13.158, 18.421, 23.684, 28.947, 34.211, 39.474, 44.737, 50.000],
[-50.000, -44.737, -39.474, -34.211, -28.947, -23.684, -18.421, -13.158, -7.895, -2.632, 2.632, 7.895, 13.158, 18.421, 23.684, 28.947, 34.211, 39.474, 44.737, 50.000],
[-50.000, -44.737, -39.474, -34.211, -28.947, -23.684, -18.421, -13.158, -7.895, -2.632, 2.632, 7.895, 13.158, 18.421, 23.684, 28.947, 34.211, 39.474, 44.737, 50.000],
[-50.000, -44.737, -39.474, -34.211, -28.947, -23.684, -18.421, -13.158, -7.895, -2.632, 2.632, 7.895, 13.158, 18.421, 23.684, 28.947, 34.211, 39.474, 44.737, 50.000],
[-50.000, -44.737, -39.474, -34.211, -28.947, -23.684, -18.421, -13.158, -7.895, -2.632, 2.632, 7.895, 13.158, 18.421, 23.684, 28.947, 34.211, 39.474, 44.737, 50.000],
[-50.000, -44.737, -39.474, -34.211, -28.947, -23.684, -18.421, -13.158, -7.895, -2.632, 2.632, 7.895, 13.158, 18.421, 23.684, 28.947, 34.211, 39.474, 44.737, 50.000],
[-50.000, -44.737, -39.474, -34.211, -28.947, -23.684, -18.421, -13.158, -7.895, -2.632, 2.632, 7.895, 13.158, 18.421, 23.684, 28.947, 34.211, 39.474, 44.737, 50.000],
[-50.000, -44.737, -39.474, -34.211, -28.947, -23.684, -18.421, -13.158, -7.895, -2.632, 2.632, 7.895, 13.158, 18.421, 23.684, 28.947, 34.211, 39.474, 44.737, 50.000]])

BZ = np.array([[-26.537, -26.988, -27.411, -27.800, -28.150, -28.456, -28.710, -28.908, -29.043, -29.111, -29.111, -29.043, -28.908, -28.710, -28.456, -28.150, -27.800, -27.411, -26.988, -26.537],
[-23.267, -23.744, -24.193, -24.610, -24.989, -25.321, -25.600, -25.818, -25.968, -26.045, -26.045, -25.968, -25.818, -25.600, -25.321, -24.989, -24.610, -24.193, -23.744, -23.267],
[-19.968, -20.472, -20.950, -21.398, -21.808, -22.171, -22.480, -22.723, -22.892, -22.979, -22.979, -22.892, -22.723, -22.480, -22.171, -21.808, -21.398, -20.950, -20.472, -19.968],
[-16.635, -17.167, -17.676, -18.157, -18.602, -19.002, -19.345, -19.620, -19.812, -19.912, -19.912, -19.812, -19.620, -19.345, -19.002, -18.602, -18.157, -17.676, -17.167, -16.635],
[-13.264, -13.824, -14.364, -14.880, -15.364, -15.805, -16.190, -16.503, -16.727, -16.844, -16.844, -16.727, -16.503, -16.190, -15.805, -15.364, -14.880, -14.364, -13.824, -13.264],
[-9.848, -10.435, -11.006, -11.558, -12.083, -12.570, -13.005, -13.368, -13.634, -13.775, -13.775, -13.634, -13.368, -13.005, -12.570, -12.083, -11.558, -11.006, -10.435, -9.848],
[-6.381, -6.992, -7.593, -8.180, -8.747, -9.284, -9.777, -10.203, -10.526, -10.705, -10.705, -10.526, -10.203, -9.777, -9.284, -8.747, -8.180, -7.593, -6.992, -6.381],
[-2.856, -3.489, -4.115, -4.733, -5.339, -5.925, -6.481, -6.983, -7.390, -7.631, -7.631, -7.390, -6.983, -6.481, -5.925, -5.339, -4.733, -4.115, -3.489, -2.856],
[0.730, 0.083, -0.562, -1.204, -1.841, -2.469, -3.083, -3.669, -4.190, -4.545, -4.545, -4.190, -3.669, -3.083, -2.469, -1.841, -1.204, -0.562, 0.083, 0.730],
[4.383, 3.728, 3.073, 2.418, 1.764, 1.111, 0.460, -0.187, -0.823, -1.397, -1.397, -0.823, -0.187, 0.460, 1.111, 1.764, 2.418, 3.073, 3.728, 4.383],
[8.105, 7.449, 6.794, 6.140, 5.486, 4.833, 4.181, 3.534, 2.899, 2.325, 2.325, 2.899, 3.534, 4.181, 4.833, 5.486, 6.140, 6.794, 7.449, 8.105],
[11.895, 11.248, 10.603, 9.961, 9.324, 8.696, 8.082, 7.496, 6.975, 6.620, 6.620, 6.975, 7.496, 8.082, 8.696, 9.324, 9.961, 10.603, 11.248, 11.895],
[15.752, 15.119, 14.493, 13.875, 13.269, 12.683, 12.127, 11.625, 11.218, 10.977, 10.977, 11.218, 11.625, 12.127, 12.683, 13.269, 13.875, 14.493, 15.119, 15.752],
[19.671, 19.059, 18.458, 17.871, 17.305, 16.767, 16.274, 15.849, 15.525, 15.346, 15.346, 15.525, 15.849, 16.274, 16.767, 17.305, 17.871, 18.458, 19.059, 19.671],
[23.647, 23.060, 22.488, 21.936, 21.412, 20.924, 20.489, 20.126, 19.861, 19.719, 19.719, 19.861, 20.126, 20.489, 20.924, 21.412, 21.936, 22.488, 23.060, 23.647],
[27.674, 27.114, 26.573, 26.058, 25.574, 25.133, 24.748, 24.434, 24.211, 24.094, 24.094, 24.211, 24.434, 24.748, 25.133, 25.574, 26.058, 26.573, 27.114, 27.674],
[31.746, 31.214, 30.705, 30.224, 29.779, 29.379, 29.036, 28.761, 28.569, 28.469, 28.469, 28.569, 28.761, 29.036, 29.379, 29.779, 30.224, 30.705, 31.214, 31.746],
[35.856, 35.352, 34.874, 34.426, 34.017, 33.653, 33.344, 33.101, 32.932, 32.846, 32.846, 32.932, 33.101, 33.344, 33.653, 34.017, 34.426, 34.874, 35.352, 35.856],
[40.001, 39.524, 39.074, 38.657, 38.279, 37.946, 37.667, 37.449, 37.299, 37.222, 37.222, 37.299, 37.449, 37.667, 37.946, 38.279, 38.657, 39.074, 39.524, 40.001],
[44.174, 43.722, 43.300, 42.911, 42.560, 42.255, 42.000, 41.803, 41.668, 41.599, 41.599, 41.668, 41.803, 42.000, 42.255, 42.560, 42.911, 43.300, 43.722, 44.174]])

CX = np.array([[54.692, 53.703, 52.777, 51.924, 51.156, 50.486, 49.929, 49.496, 49.200, 49.049, 49.049, 49.200, 49.496, 49.929, 50.486, 51.156, 51.924, 52.777, 53.703, 54.692],
[49.981, 48.936, 47.950, 47.036, 46.207, 45.478, 44.866, 44.388, 44.059, 43.891, 43.891, 44.059, 44.388, 44.866, 45.478, 46.207, 47.036, 47.950, 48.936, 49.981],
[45.333, 44.228, 43.179, 42.198, 41.300, 40.503, 39.827, 39.294, 38.924, 38.734, 38.734, 38.924, 39.294, 39.827, 40.503, 41.300, 42.198, 43.179, 44.228, 45.333],
[40.759, 39.593, 38.477, 37.423, 36.448, 35.572, 34.819, 34.217, 33.795, 33.577, 33.577, 33.795, 34.217, 34.819, 35.572, 36.448, 37.423, 38.477, 39.593, 40.759],
[36.269, 35.042, 33.857, 32.727, 31.667, 30.700, 29.856, 29.168, 28.678, 28.422, 28.422, 28.678, 29.168, 29.856, 30.700, 31.667, 32.727, 33.857, 35.042, 36.269],
[31.878, 30.592, 29.338, 28.129, 26.979, 25.911, 24.957, 24.161, 23.579, 23.269, 23.269, 23.579, 24.161, 24.957, 25.911, 26.979, 28.129, 29.338, 30.592, 31.878],
[27.599, 26.258, 24.941, 23.654, 22.412, 21.235, 20.154, 19.221, 18.512, 18.120, 18.120, 18.512, 19.221, 20.154, 21.235, 22.412, 23.654, 24.941, 26.258, 27.599],
[23.445, 22.058, 20.685, 19.331, 18.004, 16.718, 15.500, 14.398, 13.506, 12.980, 12.980, 13.506, 14.398, 15.500, 16.718, 18.004, 19.331, 20.685, 22.058, 23.445],
[19.427, 18.008, 16.594, 15.187, 13.792, 12.414, 11.068, 9.784, 8.642, 7.865, 7.865, 8.642, 9.784, 11.068, 12.414, 13.792, 15.187, 16.594, 18.008, 19.427],
[15.555, 14.118, 12.683, 11.248, 9.814, 8.382, 6.955, 5.536, 4.143, 2.886, 2.886, 4.143, 5.536, 6.955, 8.382, 9.814, 11.248, 12.683, 14.118, 15.555],
[11.833, 10.397, 8.961, 7.526, 6.092, 4.661, 3.233, 1.815, 0.421, -0.836, -0.836, 0.421, 1.815, 3.233, 4.661, 6.092, 7.526, 8.961, 10.397, 11.833],
[8.262, 6.843, 5.429, 4.022, 2.627, 1.249, -0.096, -1.380, -2.523, -3.300, -3.300, -2.523, -1.380, -0.096, 1.249, 2.627, 4.022, 5.429, 6.843, 8.262],
[4.836, 3.450, 2.077, 0.723, -0.605, -1.890, -3.108, -4.210, -5.102, -5.629, -5.629, -5.102, -4.210, -3.108, -1.890, -0.605, 0.723, 2.077, 3.450, 4.836],
[1.548, 0.207, -1.111, -2.397, -3.639, -4.816, -5.897, -6.830, -7.540, -7.932, -7.932, -7.540, -6.830, -5.897, -4.816, -3.639, -2.397, -1.111, 0.207, 1.548],
[-1.616, -2.903, -4.156, -5.366, -6.516, -7.584, -8.538, -9.334, -9.915, -10.226, -10.226, -9.915, -9.334, -8.538, -7.584, -6.516, -5.366, -4.156, -2.903, -1.616],
[-4.668, -5.896, -7.081, -8.211, -9.271, -10.237, -11.082, -11.769, -12.260, -12.516, -12.516, -12.260, -11.769, -11.082, -10.237, -9.271, -8.211, -7.081, -5.896, -4.668],
[-7.622, -8.788, -9.904, -10.958, -11.933, -12.809, -13.562, -14.164, -14.586, -14.804, -14.804, -14.586, -14.164, -13.562, -12.809, -11.933, -10.958, -9.904, -8.788, -7.622],
[-10.491, -11.596, -12.645, -13.626, -14.524, -15.321, -15.997, -16.531, -16.901, -17.090, -17.090, -16.901, -16.531, -15.997, -15.321, -14.524, -13.626, -12.645, -11.596, -10.491],
[-13.286, -14.332, -15.317, -16.231, -17.060, -17.789, -18.401, -18.879, -19.208, -19.376, -19.376, -19.208, -18.879, -18.401, -17.789, -17.060, -16.231, -15.317, -14.332, -13.286],
[-16.019, -17.008, -17.934, -18.787, -19.555, -20.224, -20.782, -21.215, -21.511, -21.661, -21.661, -21.511, -21.215, -20.782, -20.224, -19.555, -18.787, -17.934, -17.008, -16.019]])

CY = np.array([[-50.000, -44.737, -39.474, -34.211, -28.947, -23.684, -18.421, -13.158, -7.895, -2.632, 2.632, 7.895, 13.158, 18.421, 23.684, 28.947, 34.211, 39.474, 44.737, 50.000],
[-50.000, -44.737, -39.474, -34.211, -28.947, -23.684, -18.421, -13.158, -7.895, -2.632, 2.632, 7.895, 13.158, 18.421, 23.684, 28.947, 34.211, 39.474, 44.737, 50.000],
[-50.000, -44.737, -39.474, -34.211, -28.947, -23.684, -18.421, -13.158, -7.895, -2.632, 2.632, 7.895, 13.158, 18.421, 23.684, 28.947, 34.211, 39.474, 44.737, 50.000],
[-50.000, -44.737, -39.474, -34.211, -28.947, -23.684, -18.421, -13.158, -7.895, -2.632, 2.632, 7.895, 13.158, 18.421, 23.684, 28.947, 34.211, 39.474, 44.737, 50.000],
[-50.000, -44.737, -39.474, -34.211, -28.947, -23.684, -18.421, -13.158, -7.895, -2.632, 2.632, 7.895, 13.158, 18.421, 23.684, 28.947, 34.211, 39.474, 44.737, 50.000],
[-50.000, -44.737, -39.474, -34.211, -28.947, -23.684, -18.421, -13.158, -7.895, -2.632, 2.632, 7.895, 13.158, 18.421, 23.684, 28.947, 34.211, 39.474, 44.737, 50.000],
[-50.000, -44.737, -39.474, -34.211, -28.947, -23.684, -18.421, -13.158, -7.895, -2.632, 2.632, 7.895, 13.158, 18.421, 23.684, 28.947, 34.211, 39.474, 44.737, 50.000],
[-50.000, -44.737, -39.474, -34.211, -28.947, -23.684, -18.421, -13.158, -7.895, -2.632, 2.632, 7.895, 13.158, 18.421, 23.684, 28.947, 34.211, 39.474, 44.737, 50.000],
[-50.000, -44.737, -39.474, -34.211, -28.947, -23.684, -18.421, -13.158, -7.895, -2.632, 2.632, 7.895, 13.158, 18.421, 23.684, 28.947, 34.211, 39.474, 44.737, 50.000],
[-50.000, -44.737, -39.474, -34.211, -28.947, -23.684, -18.421, -13.158, -7.895, -2.632, 2.632, 7.895, 13.158, 18.421, 23.684, 28.947, 34.211, 39.474, 44.737, 50.000],
[-50.000, -44.737, -39.474, -34.211, -28.947, -23.684, -18.421, -13.158, -7.895, -2.632, 2.632, 7.895, 13.158, 18.421, 23.684, 28.947, 34.211, 39.474, 44.737, 50.000],
[-50.000, -44.737, -39.474, -34.211, -28.947, -23.684, -18.421, -13.158, -7.895, -2.632, 2.632, 7.895, 13.158, 18.421, 23.684, 28.947, 34.211, 39.474, 44.737, 50.000],
[-50.000, -44.737, -39.474, -34.211, -28.947, -23.684, -18.421, -13.158, -7.895, -2.632, 2.632, 7.895, 13.158, 18.421, 23.684, 28.947, 34.211, 39.474, 44.737, 50.000],
[-50.000, -44.737, -39.474, -34.211, -28.947, -23.684, -18.421, -13.158, -7.895, -2.632, 2.632, 7.895, 13.158, 18.421, 23.684, 28.947, 34.211, 39.474, 44.737, 50.000],
[-50.000, -44.737, -39.474, -34.211, -28.947, -23.684, -18.421, -13.158, -7.895, -2.632, 2.632, 7.895, 13.158, 18.421, 23.684, 28.947, 34.211, 39.474, 44.737, 50.000],
[-50.000, -44.737, -39.474, -34.211, -28.947, -23.684, -18.421, -13.158, -7.895, -2.632, 2.632, 7.895, 13.158, 18.421, 23.684, 28.947, 34.211, 39.474, 44.737, 50.000],
[-50.000, -44.737, -39.474, -34.211, -28.947, -23.684, -18.421, -13.158, -7.895, -2.632, 2.632, 7.895, 13.158, 18.421, 23.684, 28.947, 34.211, 39.474, 44.737, 50.000],
[-50.000, -44.737, -39.474, -34.211, -28.947, -23.684, -18.421, -13.158, -7.895, -2.632, 2.632, 7.895, 13.158, 18.421, 23.684, 28.947, 34.211, 39.474, 44.737, 50.000],
[-50.000, -44.737, -39.474, -34.211, -28.947, -23.684, -18.421, -13.158, -7.895, -2.632, 2.632, 7.895, 13.158, 18.421, 23.684, 28.947, 34.211, 39.474, 44.737, 50.000],
[-50.000, -44.737, -39.474, -34.211, -28.947, -23.684, -18.421, -13.158, -7.895, -2.632, 2.632, 7.895, 13.158, 18.421, 23.684, 28.947, 34.211, 39.474, 44.737, 50.000]])

CZ = np.array([[16.026, 17.015, 17.942, 18.795, 19.562, 20.232, 20.790, 21.222, 21.518, 21.669, 21.669, 21.518, 21.222, 20.790, 20.232, 19.562, 18.795, 17.942, 17.015, 16.026],
[13.294, 14.339, 15.325, 16.239, 17.068, 17.797, 18.409, 18.887, 19.216, 19.384, 19.384, 19.216, 18.887, 18.409, 17.797, 17.068, 16.239, 15.325, 14.339, 13.294],
[10.498, 11.603, 12.652, 13.633, 14.531, 15.329, 16.005, 16.538, 16.908, 17.098, 17.098, 16.908, 16.538, 16.005, 15.329, 14.531, 13.633, 12.652, 11.603, 10.498],
[7.630, 8.796, 9.912, 10.965, 11.940, 12.817, 13.569, 14.171, 14.593, 14.811, 14.811, 14.593, 14.171, 13.569, 12.817, 11.940, 10.965, 9.912, 8.796, 7.630],
[4.676, 5.903, 7.088, 8.219, 9.278, 10.245, 11.090, 11.777, 12.267, 12.523, 12.523, 12.267, 11.777, 11.090, 10.245, 9.278, 8.219, 7.088, 5.903, 4.676],
[1.624, 2.910, 4.164, 5.373, 6.523, 7.591, 8.545, 9.341, 9.923, 10.233, 10.233, 9.923, 9.341, 8.545, 7.591, 6.523, 5.373, 4.164, 2.910, 1.624],
[-1.540, -0.199, 1.118, 2.405, 3.646, 4.824, 5.904, 6.838, 7.547, 7.939, 7.939, 7.547, 6.838, 5.904, 4.824, 3.646, 2.405, 1.118, -0.199, -1.540],
[-4.829, -3.443, -2.070, -0.715, 0.612, 1.898, 3.116, 4.217, 5.110, 5.636, 5.636, 5.110, 4.217, 3.116, 1.898, 0.612, -0.715, -2.070, -3.443, -4.829],
[-8.255, -6.836, -5.422, -4.015, -2.619, -1.242, 0.104, 1.388, 2.530, 3.308, 3.308, 2.530, 1.388, 0.104, -1.242, -2.619, -4.015, -5.422, -6.836, -8.255],
[-11.826, -10.389, -8.953, -7.518, -6.085, -4.653, -3.226, -1.807, -0.414, 0.843, 0.843, -0.414, -1.807, -3.226, -4.653, -6.085, -7.518, -8.953, -10.389, -11.826],
[-15.547, -14.111, -12.675, -11.240, -9.806, -8.375, -6.947, -5.529, -4.136, -2.878, -2.878, -4.136, -5.529, -6.947, -8.375, -9.806, -11.240, -12.675, -14.111, -15.547],
[-19.419, -18.000, -16.586, -15.180, -13.784, -12.407, -11.061, -9.777, -8.634, -7.857, -7.857, -8.634, -9.777, -11.061, -12.407, -13.784, -15.180, -16.586, -18.000, -19.419],
[-23.437, -22.051, -20.678, -19.323, -17.996, -16.710, -15.492, -14.391, -13.499, -12.972, -12.972, -13.499, -14.391, -15.492, -16.710, -17.996, -19.323, -20.678, -22.051, -23.437],
[-27.591, -26.251, -24.933, -23.647, -22.405, -21.228, -20.147, -19.214, -18.504, -18.112, -18.112, -18.504, -19.214, -20.147, -21.228, -22.405, -23.647, -24.933, -26.251, -27.591],
[-31.871, -30.584, -29.331, -28.121, -26.971, -25.903, -24.949, -24.153, -23.572, -23.261, -23.261, -23.572, -24.153, -24.949, -25.903, -26.971, -28.121, -29.331, -30.584, -31.871],
[-36.262, -35.035, -33.850, -32.719, -31.659, -30.693, -29.848, -29.161, -28.671, -28.414, -28.414, -28.671, -29.161, -29.848, -30.693, -31.659, -32.719, -33.850, -35.035, -36.262],
[-40.751, -39.585, -38.469, -37.416, -36.441, -35.564, -34.812, -34.210, -33.788, -33.570, -33.570, -33.788, -34.210, -34.812, -35.564, -36.441, -37.416, -38.469, -39.585, -40.751],
[-45.326, -44.221, -43.172, -42.191, -41.293, -40.496, -39.820, -39.286, -38.916, -38.726, -38.726, -38.916, -39.286, -39.820, -40.496, -41.293, -42.191, -43.172, -44.221, -45.326],
[-49.974, -48.928, -47.943, -47.029, -46.199, -45.471, -44.859, -44.381, -44.052, -43.884, -43.884, -44.052, -44.381, -44.859, -45.471, -46.199, -47.029, -47.943, -48.928, -49.974],
[-54.684, -53.695, -52.769, -51.916, -51.148, -50.479, -49.921, -49.488, -49.192, -49.042, -49.042, -49.192, -49.488, -49.921, -50.479, -51.148, -51.916, -52.769, -53.695, -54.684]])

A = np.array([AX,AY,AZ])
B = np.array([BX,BY,BZ])
C = np.array([CX,CY,CZ])

#mx_temp = ma.masked_values(A[0]-B[0], 0, atol=1)
#mx_X1 = ma.masked_array(mx_temp.data, ~mx_temp.mask)

# perform a search that finds indices amongsT A B C matrices that represent 
# nearly identical locations in 3D space (say a tolerance of 1 meter in any 
# direction).

# Perhaps to make search expandable to 4 hydrophones, search should work with
# only two matrices of arbitrary size at a time.